1.0000000000000000E-03 3.7481403865806447E-13
2.0000000000000000E-03 4.7073038343427499E-13
3.0000000000000001E-03 4.7099450536657986E-13
4.0000000000000001E-03 3.5545961545295175E-13
5.0000000000000001E-03 2.8609290306636813E-13
6.0000000000000001E-03 2.9817722075317851E-13
7.0000000000000001E-03 3.3562093423342173E-13
8.0000000000000002E-03 3.6870180075138838E-13
9.0000000000000011E-03 3.8007473437640382E-13
1.0000000000000000E-02 3.7916551732904268E-13
1.0999999999999999E-02 3.6446075088288467E-13
1.2000000000000000E-02 3.3375269795323393E-13
1.3000000000000001E-02 3.0312038145337475E-13
1.4000000000000000E-02 2.7522457332697943E-13
1.4999999999999999E-02 2.4798642649835033E-13
1.6000000000000000E-02 2.2731783267976040E-13
1.7000000000000001E-02 2.1648152541736252E-13
1.8000000000000002E-02 2.0787376270022497E-13
1.9000000000000000E-02 1.9563398100213685E-13
2.0000000000000000E-02 1.8402015182330246E-13
2.1000000000000001E-02 1.7303676657561305E-13
2.1999999999999999E-02 1.6350396126969743E-13
2.4000000000000000E-02 1.5356016515020956E-13
2.6000000000000002E-02 1.4582832038700670E-13
2.8000000000000001E-02 1.4610100565543549E-13
2.9999999999999999E-02 1.5648418779404383E-13
3.2000000000000001E-02 1.6237082937487896E-13
3.4000000000000002E-02 1.5153009278355572E-13
3.6000000000000004E-02 1.3977184945456511E-13
3.7999999999999999E-02 1.3298014452500600E-13
4.0000000000000001E-02 1.2932158912381666E-13
4.4999999999999998E-02 1.2065433585675896E-13
5.0000000000000003E-02 1.2199615677501681E-13
5.5000000000000000E-02 1.2191812779272568E-13
5.9999999999999998E-02 1.0366048105912542E-13
7.0000000000000007E-02 9.0915408870336541E-14
8.0000000000000002E-02 8.4315436142549263E-14
8.9999999999999997E-02 8.6295579543719125E-14
1.0000000000000001E-01 8.4474671304428369E-14
1.1000000000000000E-01 8.2789095476105916E-14
1.2000000000000000E-01 8.5359657188647333E-14
1.3000000000000000E-01 8.4793638119475154E-14
1.4000000000000001E-01 8.5149273708245777E-14
1.4999999999999999E-01 8.2783142093211910E-14
1.6000000000000000E-01 8.5390169168717977E-14
1.7000000000000001E-01 8.2813427819809178E-14
1.7999999999999999E-01 8.3958510173416611E-14
1.9000000000000000E-01 8.2890632200879429E-14
2.0000000000000001E-01 8.4536674749475319E-14
2.0999999999999999E-01 8.4185631354917259E-14
2.2000000000000000E-01 8.4374519087417247E-14
2.3999999999999999E-01 8.6001541736085410E-14
2.6000000000000001E-01 8.6818830606372171E-14
2.8000000000000003E-01 8.8284190731231833E-14
2.9999999999999999E-01 8.9587397708450302E-14
3.2000000000000001E-01 9.1289548900895273E-14
3.4000000000000002E-01 9.2875008713739139E-14
3.5999999999999999E-01 9.4510935775524229E-14
3.8000000000000000E-01 9.6286966890992369E-14
4.0000000000000002E-01 9.7769190858500666E-14
4.5000000000000001E-01 1.0197215525470116E-13
5.0000000000000000E-01 1.0645888482029196E-13
5.5000000000000004E-01 1.1072193085729647E-13
5.9999999999999998E-01 1.1505711045921895E-13
7.0000000000000007E-01 1.2301559993770256E-13
8.0000000000000004E-01 1.3058157917743447E-13
9.0000000000000002E-01 1.3751852405669834E-13
1.0000000000000000E+00 1.4386585195906399E-13
1.1000000000000001E+00 1.4978416327287035E-13
1.2000000000000000E+00 1.5528786015595108E-13
1.3000000000000000E+00 1.6068365658830687E-13
1.4000000000000001E+00 1.6600652969573450E-13
1.5000000000000000E+00 1.7125235798261549E-13
1.6000000000000001E+00 1.7642735680353898E-13
1.7000000000000000E+00 1.8148984476314509E-13
1.8000000000000000E+00 1.8641485891167323E-13
1.9000000000000001E+00 1.9117158480500663E-13
2.0000000000000000E+00 1.9577454710020038E-13
2.1000000000000001E+00 2.0023736578006224E-13
2.2000000000000002E+00 2.0456219416074616E-13
2.3999999999999999E+00 2.1288090452644362E-13
2.6000000000000001E+00 2.2087644137653630E-13
2.8000000000000003E+00 2.2866612495604094E-13
3.0000000000000000E+00 2.3603963591505360E-13
3.2000000000000002E+00 2.4277475987215640E-13
3.3999999999999999E+00 2.4877965482294520E-13
3.6000000000000001E+00 2.5396066143796905E-13
3.8000000000000003E+00 2.5839204885620954E-13
4.0000000000000000E+00 2.6218430024553320E-13
4.5000000000000000E+00 2.7026887329378532E-13
5.0000000000000000E+00 2.7829953349173733E-13
5.5000000000000000E+00 2.8580740237377060E-13
6.0000000000000000E+00 2.9371523826254583E-13
7.0000000000000000E+00 3.1484401048259978E-13
8.0000000000000000E+00 3.4607699550793203E-13
9.0000000000000000E+00 3.8285126113156983E-13
1.0000000000000000E+01 4.2397160483755152E-13
1.1000000000000000E+01 4.6744345725177141E-13
1.2000000000000000E+01 5.0920275658963445E-13
1.3000000000000000E+01 5.4608499696403984E-13
1.4000000000000000E+01 5.8018746063296947E-13
1.5000000000000000E+01 6.1057777199963299E-13
1.6000000000000000E+01 6.3471094268801406E-13
1.7000000000000000E+01 6.5558255620097358E-13
1.8000000000000000E+01 6.7517031837622576E-13
1.9000000000000000E+01 6.9493179288335228E-13
2.0000000000000000E+01 7.1460628666061766E-13
2.1000000000000000E+01 7.3349565377656677E-13
2.2000000000000000E+01 7.5264191402228062E-13
2.4000000000000000E+01 7.9334515397272056E-13
2.6000000000000000E+01 8.2990530233622589E-13
2.8000000000000000E+01 8.5758248300124646E-13
3.0000000000000000E+01 8.7369051365155040E-13
3.2000000000000000E+01 8.7742221229487383E-13
3.4000000000000000E+01 8.7334606629367118E-13
3.6000000000000000E+01 8.7387176250751884E-13
3.8000000000000000E+01 8.9159207444939682E-13
4.0000000000000000E+01 9.3112446388081135E-13
