1.0000000000000000E-03 4.9308810194588886E-13
2.0000000000000000E-03 4.0426409748059868E-13
3.0000000000000001E-03 4.0410818464505200E-13
4.0000000000000001E-03 3.6331224143637732E-13
5.0000000000000001E-03 2.9035925694138260E-13
6.0000000000000001E-03 2.9030644820507126E-13
7.0000000000000001E-03 3.2715905313133204E-13
8.0000000000000002E-03 3.4939773086321563E-13
9.0000000000000011E-03 3.6445345160326995E-13
1.0000000000000000E-02 3.7402551033193766E-13
1.0999999999999999E-02 3.5986888180195032E-13
1.2000000000000000E-02 3.2736751649516202E-13
1.3000000000000001E-02 2.9584255899231779E-13
1.4000000000000000E-02 2.6562928271336575E-13
1.4999999999999999E-02 2.4050134418111903E-13
1.6000000000000000E-02 2.2299436415820850E-13
1.7000000000000001E-02 2.1255411423235949E-13
1.8000000000000002E-02 2.0359070769816517E-13
1.9000000000000000E-02 1.9026524980289278E-13
2.0000000000000000E-02 1.7863951772832838E-13
2.1000000000000001E-02 1.7106627524906991E-13
2.1999999999999999E-02 1.6503000762529319E-13
2.4000000000000000E-02 1.5819795513244742E-13
2.6000000000000002E-02 1.5262394413586043E-13
2.8000000000000001E-02 1.5525111921817358E-13
2.9999999999999999E-02 1.6421501390795059E-13
3.2000000000000001E-02 1.7083596540130462E-13
3.4000000000000002E-02 1.6147219134067145E-13
3.6000000000000004E-02 1.5094637318797348E-13
3.7999999999999999E-02 1.4547440429637436E-13
4.0000000000000001E-02 1.4203039944027310E-13
4.4999999999999998E-02 1.3143518495171507E-13
5.0000000000000003E-02 1.2829217042219190E-13
5.5000000000000000E-02 1.2518633656007276E-13
5.9999999999999998E-02 1.0738880473841942E-13
7.0000000000000007E-02 9.2821845901589941E-14
8.0000000000000002E-02 8.4723818353232411E-14
8.9999999999999997E-02 8.5370054554746587E-14
1.0000000000000001E-01 8.3955512082323381E-14
1.1000000000000000E-01 8.2454936272306214E-14
1.2000000000000000E-01 8.4694431797219607E-14
1.3000000000000000E-01 8.4179219831596804E-14
1.4000000000000001E-01 8.4712877546593775E-14
1.4999999999999999E-01 8.2640712816854978E-14
1.6000000000000000E-01 8.4989028820595149E-14
1.7000000000000001E-01 8.2424234097771823E-14
1.7999999999999999E-01 8.3649419642241147E-14
1.9000000000000000E-01 8.2748057429146584E-14
2.0000000000000001E-01 8.4278053736355559E-14
2.0999999999999999E-01 8.4273127931108596E-14
2.2000000000000000E-01 8.4483744948811508E-14
2.3999999999999999E-01 8.6073996885276438E-14
2.6000000000000001E-01 8.6912750585105987E-14
2.8000000000000003E-01 8.8252676054289496E-14
2.9999999999999999E-01 8.9532050858657281E-14
3.2000000000000001E-01 9.1152311114718528E-14
3.4000000000000002E-01 9.2730826087513215E-14
3.5999999999999999E-01 9.4274733201873480E-14
3.8000000000000000E-01 9.5945355638315152E-14
4.0000000000000002E-01 9.7268262402309276E-14
4.5000000000000001E-01 1.0103310719701159E-13
5.0000000000000000E-01 1.0513387959959124E-13
5.5000000000000004E-01 1.0927804146361014E-13
5.9999999999999998E-01 1.1375984529289025E-13
7.0000000000000007E-01 1.2266148731361431E-13
8.0000000000000004E-01 1.3128061847562572E-13
9.0000000000000002E-01 1.3911304458429100E-13
1.0000000000000000E+00 1.4590897291178605E-13
1.1000000000000001E+00 1.5182717253620688E-13
1.2000000000000000E+00 1.5689967229539201E-13
1.3000000000000000E+00 1.6154509279956660E-13
1.4000000000000001E+00 1.6598352480208775E-13
1.5000000000000000E+00 1.7025060683222540E-13
1.6000000000000001E+00 1.7441449289776239E-13
1.7000000000000000E+00 1.7848538016086020E-13
1.8000000000000000E+00 1.8251776508977591E-13
1.9000000000000001E+00 1.8657400812724247E-13
2.0000000000000000E+00 1.9072058011166306E-13
2.1000000000000001E+00 1.9495187392446049E-13
2.2000000000000002E+00 1.9927085850110818E-13
2.3999999999999999E+00 2.0845021289795759E-13
2.6000000000000001E+00 2.1791324363020642E-13
2.8000000000000003E+00 2.2710065065558969E-13
3.0000000000000000E+00 2.3573513747752444E-13
3.2000000000000002E+00 2.4369579121655516E-13
3.3999999999999999E+00 2.5099872965658313E-13
3.6000000000000001E+00 2.5757929240661501E-13
3.8000000000000003E+00 2.6349820759572452E-13
4.0000000000000000E+00 2.6887034254225400E-13
4.5000000000000000E+00 2.8034379108993141E-13
5.0000000000000000E+00 2.8911125440938514E-13
5.5000000000000000E+00 2.9539784091721533E-13
6.0000000000000000E+00 3.0094260979025726E-13
7.0000000000000000E+00 3.1227863271456541E-13
8.0000000000000000E+00 3.2516848550276186E-13
9.0000000000000000E+00 3.3922673777048795E-13
1.0000000000000000E+01 3.5484362243982340E-13
1.1000000000000000E+01 3.7229598566180995E-13
1.2000000000000000E+01 3.9161659912122491E-13
1.3000000000000000E+01 4.1243567026716620E-13
1.4000000000000000E+01 4.3374933486306752E-13
1.5000000000000000E+01 4.5601437768850379E-13
1.6000000000000000E+01 4.7887036580156052E-13
1.7000000000000000E+01 5.0241195484408396E-13
1.8000000000000000E+01 5.2720167711063582E-13
1.9000000000000000E+01 5.5365601669671639E-13
2.0000000000000000E+01 5.8172075555750735E-13
2.1000000000000000E+01 6.1099599930234952E-13
2.2000000000000000E+01 6.4056134294706008E-13
2.4000000000000000E+01 6.9889502651341118E-13
2.6000000000000000E+01 7.5364997517182184E-13
2.8000000000000000E+01 8.0107790259953287E-13
3.0000000000000000E+01 8.3729993664945632E-13
3.2000000000000000E+01 8.6346200637706258E-13
3.4000000000000000E+01 8.8305328904572838E-13
3.6000000000000000E+01 8.9874321790095151E-13
3.8000000000000000E+01 9.1375956101670207E-13
4.0000000000000000E+01 9.3437844722020403E-13
4.5000000000000000E+01 9.9799994505170052E-13
5.0000000000000000E+01 1.0327471127109403E-12
