1.0000000000000000E-03 4.9340325904329357E-13
2.0000000000000000E-03 4.0487235769841119E-13
3.0000000000000001E-03 4.0504372212166980E-13
4.0000000000000001E-03 3.6465663763850945E-13
5.0000000000000001E-03 2.9241753912387482E-13
6.0000000000000001E-03 2.9277962357719742E-13
7.0000000000000001E-03 3.2970958914870625E-13
8.0000000000000002E-03 3.5209969424631873E-13
9.0000000000000011E-03 3.6730761614088167E-13
1.0000000000000000E-02 3.7702592056322385E-13
1.0999999999999999E-02 3.6317187765560416E-13
1.2000000000000000E-02 3.3116991257552152E-13
1.3000000000000001E-02 3.0024730026830072E-13
1.4000000000000000E-02 2.7078077491110951E-13
1.4999999999999999E-02 2.4650142366607193E-13
1.6000000000000000E-02 2.2983956749275228E-13
1.7000000000000001E-02 2.2016471516569801E-13
1.8000000000000002E-02 2.1199840506346540E-13
1.9000000000000000E-02 1.9974462551078808E-13
2.0000000000000000E-02 1.8924516965668884E-13
2.1000000000000001E-02 1.8267185351753270E-13
2.1999999999999999E-02 1.7759989460336212E-13
2.4000000000000000E-02 1.7242178619350183E-13
2.6000000000000002E-02 1.6847130613735103E-13
2.8000000000000001E-02 1.7196745359652699E-13
2.9999999999999999E-02 1.8115080880542261E-13
3.2000000000000001E-02 1.8814692301653704E-13
3.4000000000000002E-02 1.8066584882830460E-13
3.6000000000000004E-02 1.7237340218494419E-13
3.7999999999999999E-02 1.6874741198467578E-13
4.0000000000000001E-02 1.6700814041038745E-13
4.4999999999999998E-02 1.6139321889537219E-13
5.0000000000000003E-02 1.6221287140526253E-13
5.5000000000000000E-02 1.6309206988737766E-13
5.9999999999999998E-02 1.5322150973357080E-13
7.0000000000000007E-02 1.5006543989139859E-13
8.0000000000000002E-02 1.5151421078000652E-13
8.9999999999999997E-02 1.5799242832113991E-13
1.0000000000000001E-01 1.6321324313091907E-13
1.1000000000000000E-01 1.6815400193257677E-13
1.2000000000000000E-01 1.7465283776045520E-13
1.3000000000000000E-01 1.7950482169778284E-13
1.4000000000000001E-01 1.8461550114990328E-13
1.4999999999999999E-01 1.8833528927339260E-13
1.6000000000000000E-01 1.9379171131342996E-13
1.7000000000000001E-01 1.9690492397693194E-13
1.7999999999999999E-01 2.0151183511363726E-13
1.9000000000000000E-01 2.0515191467290394E-13
2.0000000000000001E-01 2.0969783372433293E-13
2.0999999999999999E-01 2.1355365256136494E-13
2.2000000000000000E-01 2.1743656333998953E-13
2.3999999999999999E-01 2.2551318024046994E-13
2.6000000000000001E-01 2.3315490773655643E-13
2.8000000000000003E-01 2.4075181402263670E-13
2.9999999999999999E-01 2.4807885432365482E-13
3.2000000000000001E-01 2.5531003272552877E-13
3.4000000000000002E-01 2.6230425259081872E-13
3.5999999999999999E-01 2.6908777118289039E-13
3.8000000000000000E-01 2.7576811128398434E-13
4.0000000000000002E-01 2.8220392490615624E-13
4.5000000000000001E-01 2.9785387001224742E-13
5.0000000000000000E-01 3.1277416711140299E-13
5.5000000000000004E-01 3.2655330727783638E-13
5.9999999999999998E-01 3.3915286369045907E-13
7.0000000000000007E-01 3.6161476915567977E-13
8.0000000000000004E-01 3.8299559164983756E-13
9.0000000000000002E-01 4.0557295957104913E-13
1.0000000000000000E+00 4.3023232095162309E-13
1.1000000000000001E+00 4.5679510157196126E-13
1.2000000000000000E+00 4.8447401871508126E-13
1.3000000000000000E+00 5.1216388616708945E-13
1.4000000000000001E+00 5.3900909523732368E-13
1.5000000000000000E+00 5.6511463685446212E-13
1.6000000000000001E+00 5.9033923883741378E-13
1.7000000000000000E+00 6.1450269295306318E-13
1.8000000000000000E+00 6.3808977892111886E-13
1.9000000000000001E+00 6.6169202802020225E-13
2.0000000000000000E+00 6.8517914283245427E-13
2.1000000000000001E+00 7.0839667094521263E-13
2.2000000000000002E+00 7.3119763069612362E-13
2.3999999999999999E+00 7.7474960116677781E-13
2.6000000000000001E+00 8.1426601615072230E-13
2.8000000000000003E+00 8.4913590753088112E-13
3.0000000000000000E+00 8.8017319211971749E-13
3.2000000000000002E+00 9.0829674789875265E-13
3.3999999999999999E+00 9.3358991870318434E-13
3.6000000000000001E+00 9.5546150320493583E-13
3.8000000000000003E+00 9.7392996925468524E-13
4.0000000000000000E+00 9.8935464656463741E-13
4.5000000000000000E+00 1.0164349374098458E-12
5.0000000000000000E+00 1.0322169860294965E-12
5.5000000000000000E+00 1.0438806313297811E-12
6.0000000000000000E+00 1.0559807294155662E-12
7.0000000000000000E+00 1.0868358377493611E-12
8.0000000000000000E+00 1.1400344297485889E-12
9.0000000000000000E+00 1.2119577952386498E-12
1.0000000000000000E+01 1.3019849748388148E-12
1.1000000000000000E+01 1.3928848179003136E-12
1.2000000000000000E+01 1.4701882334185727E-12
1.3000000000000000E+01 1.5424485017511885E-12
1.4000000000000000E+01 1.6088266195276853E-12
1.5000000000000000E+01 1.6679417544252972E-12
1.6000000000000000E+01 1.7188908125876224E-12
1.7000000000000000E+01 1.7652648757337329E-12
1.8000000000000000E+01 1.8095437955451170E-12
1.9000000000000000E+01 1.8520808883486340E-12
2.0000000000000000E+01 1.8909495849025017E-12
2.1000000000000000E+01 1.9242282513021414E-12
2.2000000000000000E+01 1.9512248707054413E-12
2.4000000000000000E+01 1.9965222664317895E-12
2.6000000000000000E+01 2.0310575045674072E-12
2.8000000000000000E+01 2.0484048145143068E-12
3.0000000000000000E+01 2.0551452688566268E-12
3.2000000000000000E+01 2.0617903948529786E-12
3.4000000000000000E+01 2.0743229927268393E-12
3.6000000000000000E+01 2.1060300895854024E-12
3.8000000000000000E+01 2.1620380699718446E-12
4.0000000000000000E+01 2.2393207123364414E-12
4.5000000000000000E+01 2.4940108214921801E-12
5.0000000000000000E+01 2.8114522471024616E-12
