1.0000000000000000E-03 3.3540807207749282E-13
2.0000000000000000E-03 3.9846426214350054E-13
3.0000000000000001E-03 4.6993059563432111E-13
4.0000000000000001E-03 4.5426670790332817E-13
5.0000000000000001E-03 4.0022751529827843E-13
6.0000000000000001E-03 3.7630002387996649E-13
7.0000000000000001E-03 3.7599706666749010E-13
8.0000000000000002E-03 3.8116208406395864E-13
9.0000000000000011E-03 3.8585762883860365E-13
1.0000000000000000E-02 3.8604942099597209E-13
1.0999999999999999E-02 3.7110501778199560E-13
1.2000000000000000E-02 3.4041252174875479E-13
1.3000000000000001E-02 3.0758363864424960E-13
1.4000000000000000E-02 2.7685473739150402E-13
1.4999999999999999E-02 2.5031168277463552E-13
1.6000000000000000E-02 2.3042847702986526E-13
1.7000000000000001E-02 2.1921256335108623E-13
1.8000000000000002E-02 2.0983244123737151E-13
1.9000000000000000E-02 1.9653334017131545E-13
2.0000000000000000E-02 1.8495594435834429E-13
2.1000000000000001E-02 1.7536793590805740E-13
2.1999999999999999E-02 1.6622021565272274E-13
2.4000000000000000E-02 1.5421453815840651E-13
2.6000000000000002E-02 1.4568301602397713E-13
2.8000000000000001E-02 1.4838104121586564E-13
2.9999999999999999E-02 1.5955169180360288E-13
3.2000000000000001E-02 1.6562320461129113E-13
3.4000000000000002E-02 1.5461347551203073E-13
3.6000000000000004E-02 1.4186444492299505E-13
3.7999999999999999E-02 1.3479733610198966E-13
4.0000000000000001E-02 1.3076225537356496E-13
4.4999999999999998E-02 1.2198730085856498E-13
5.0000000000000003E-02 1.2221725263132483E-13
5.5000000000000000E-02 1.2124576801690880E-13
5.9999999999999998E-02 1.0135412779420361E-13
7.0000000000000007E-02 8.7434022352357441E-14
8.0000000000000002E-02 7.8778939168018867E-14
8.9999999999999997E-02 7.9013238500616577E-14
1.0000000000000001E-01 7.5596280793202507E-14
1.1000000000000000E-01 7.2053132193947598E-14
1.2000000000000000E-01 7.3404087003349905E-14
1.3000000000000000E-01 7.1021580450285531E-14
1.4000000000000001E-01 7.0310023298002766E-14
1.4999999999999999E-01 6.5892914470925048E-14
1.6000000000000000E-01 6.8009105396229278E-14
1.7000000000000001E-01 6.3053010565531323E-14
1.7999999999999999E-01 6.3339662387887030E-14
1.9000000000000000E-01 6.0422429309051968E-14
2.0000000000000001E-01 6.1479769025368471E-14
2.0999999999999999E-01 5.9510192555275184E-14
2.2000000000000000E-01 5.8474654724921883E-14
2.3999999999999999E-01 5.7671427055081358E-14
2.6000000000000001E-01 5.5651154666901427E-14
2.8000000000000003E-01 5.4404430930840272E-14
2.9999999999999999E-01 5.2950773241107375E-14
3.2000000000000001E-01 5.2164270404214824E-14
3.4000000000000002E-01 5.1230824245287662E-14
3.5999999999999999E-01 5.0226851695189217E-14
3.8000000000000000E-01 4.9507228441926009E-14
4.0000000000000002E-01 4.8208985381449668E-14
4.5000000000000001E-01 4.6364020445081381E-14
5.0000000000000000E-01 4.5353742574495766E-14
5.5000000000000004E-01 4.4000967545124296E-14
5.9999999999999998E-01 4.3511699830907879E-14
7.0000000000000007E-01 4.2374706350777041E-14
8.0000000000000004E-01 4.2259616931650990E-14
9.0000000000000002E-01 4.2113756824922125E-14
1.0000000000000000E+00 4.2289217394986351E-14
1.1000000000000001E+00 4.2638230912656839E-14
1.2000000000000000E+00 4.2160343136068082E-14
1.3000000000000000E+00 4.1592083318910255E-14
1.4000000000000001E+00 4.1289025344380603E-14
1.5000000000000000E+00 4.1017789194527576E-14
1.6000000000000001E+00 4.0901748505274398E-14
1.7000000000000000E+00 4.0863360777590345E-14
1.8000000000000000E+00 4.0807141738401401E-14
1.9000000000000001E+00 4.0628321312256237E-14
2.0000000000000000E+00 4.0472312344874056E-14
2.1000000000000001E+00 4.0264565659047692E-14
2.2000000000000002E+00 3.9967856848767400E-14
2.3999999999999999E+00 3.9619373021909253E-14
2.6000000000000001E+00 3.9386288582691927E-14
2.8000000000000003E+00 3.9210761740849902E-14
3.0000000000000000E+00 3.9274310719599580E-14
3.2000000000000002E+00 3.9638483413350686E-14
3.3999999999999999E+00 4.0256989116099420E-14
3.6000000000000001E+00 4.0835653169504202E-14
3.8000000000000003E+00 4.1661687604157387E-14
4.0000000000000000E+00 4.2706145106858444E-14
4.5000000000000000E+00 4.5698203828233103E-14
5.0000000000000000E+00 4.8893542761042199E-14
5.5000000000000000E+00 5.1728727579217118E-14
6.0000000000000000E+00 5.4185795616523045E-14
7.0000000000000000E+00 5.7534077802931760E-14
8.0000000000000000E+00 5.9703988468914260E-14
9.0000000000000000E+00 6.0913805349640955E-14
1.0000000000000000E+01 6.1712946885524458E-14
1.1000000000000000E+01 6.2329345657585839E-14
1.2000000000000000E+01 6.2823999861996765E-14
1.3000000000000000E+01 6.3485711618377472E-14
1.4000000000000000E+01 6.4219458323414644E-14
1.5000000000000000E+01 6.4861839871039554E-14
1.6000000000000000E+01 6.5376590918085286E-14
1.7000000000000000E+01 6.6033363813218435E-14
1.8000000000000000E+01 6.6883364822469612E-14
1.9000000000000000E+01 6.7912206882402042E-14
2.0000000000000000E+01 6.8924226299968860E-14
2.1000000000000000E+01 6.9912835419103753E-14
2.2000000000000000E+01 7.0937968737974238E-14
2.4000000000000000E+01 7.2718455630345982E-14
2.6000000000000000E+01 7.3680324824175696E-14
2.8000000000000000E+01 7.3484058159593107E-14
3.0000000000000000E+01 7.2633718899101075E-14
3.2000000000000000E+01 7.1851122836130654E-14
3.4000000000000000E+01 7.2049894366217770E-14
3.6000000000000000E+01 7.3388990346916750E-14
3.8000000000000000E+01 7.5457114346657822E-14
4.0000000000000000E+01 7.7936106703089259E-14
4.5000000000000000E+01 8.3846762181015286E-14
5.0000000000000000E+01 8.8485346750963739E-14
5.5000000000000000E+01 8.9704651215012775E-14
6.0000000000000000E+01 9.1428040172158752E-14
