1.0000000000000000E-03 7.7433299128798476E-13
2.0000000000000000E-03 5.8437652030930189E-13
3.0000000000000001E-03 5.3183685868050563E-13
4.0000000000000001E-03 4.7093038252484387E-13
5.0000000000000001E-03 3.9396498715467802E-13
6.0000000000000001E-03 3.7747359190506246E-13
7.0000000000000001E-03 3.9527848224986819E-13
8.0000000000000002E-03 4.0572004992241975E-13
9.0000000000000011E-03 4.1249922593068913E-13
1.0000000000000000E-02 4.1637255081570588E-13
1.0999999999999999E-02 3.9993153476336561E-13
1.2000000000000000E-02 3.6758208495520073E-13
1.3000000000000001E-02 3.3687235852063583E-13
1.4000000000000000E-02 3.0795487903386753E-13
1.4999999999999999E-02 2.8387571925513674E-13
1.6000000000000000E-02 2.6665474732956941E-13
1.7000000000000001E-02 2.5564339510702963E-13
1.8000000000000002E-02 2.4594249683850746E-13
1.9000000000000000E-02 2.3272274996392123E-13
2.0000000000000000E-02 2.2106687678318259E-13
2.1000000000000001E-02 2.1291064120980209E-13
2.1999999999999999E-02 2.0613991369596712E-13
2.4000000000000000E-02 1.9718949163924728E-13
2.6000000000000002E-02 1.8957091535690921E-13
2.8000000000000001E-02 1.8880435641883247E-13
2.9999999999999999E-02 1.9375486282194064E-13
3.2000000000000001E-02 1.9737586908251570E-13
3.4000000000000002E-02 1.8758840793585548E-13
3.6000000000000004E-02 1.7707607370422348E-13
3.7999999999999999E-02 1.7099598328065712E-13
4.0000000000000001E-02 1.6668929801906391E-13
4.4999999999999998E-02 1.5455205330225816E-13
5.0000000000000003E-02 1.4911324004903429E-13
5.5000000000000000E-02 1.4397643374143341E-13
5.9999999999999998E-02 1.2656383001343916E-13
7.0000000000000007E-02 1.0987518557569474E-13
8.0000000000000002E-02 9.8746319950805386E-14
8.9999999999999997E-02 9.5646169093978429E-14
1.0000000000000001E-01 9.1284333943543073E-14
1.1000000000000000E-01 8.7649644944232827E-14
1.2000000000000000E-01 8.7680060149631680E-14
1.3000000000000000E-01 8.5167980131549980E-14
1.4000000000000001E-01 8.3613450737644667E-14
1.4999999999999999E-01 7.9649097854500669E-14
1.6000000000000000E-01 8.0247599667845347E-14
1.7000000000000001E-01 7.5717866970177489E-14
1.7999999999999999E-01 7.5265809340957732E-14
1.9000000000000000E-01 7.2535206380968463E-14
2.0000000000000001E-01 7.2518594338115241E-14
2.0999999999999999E-01 7.0707929287919674E-14
2.2000000000000000E-01 6.9124898379183628E-14
2.3999999999999999E-01 6.7419468582787364E-14
2.6000000000000001E-01 6.4936959869455830E-14
2.8000000000000003E-01 6.3239034842771850E-14
2.9999999999999999E-01 6.1381773635892700E-14
3.2000000000000001E-01 6.0077399212441595E-14
3.4000000000000002E-01 5.8851586891044862E-14
3.5999999999999999E-01 5.7573585415512545E-14
3.8000000000000000E-01 5.6604800935188715E-14
4.0000000000000002E-01 5.5188481168359494E-14
4.5000000000000001E-01 5.2872027403312238E-14
5.0000000000000000E-01 5.1180866342690364E-14
5.5000000000000004E-01 4.9299895563111175E-14
5.9999999999999998E-01 4.7878285509269933E-14
7.0000000000000007E-01 4.4806091349810275E-14
8.0000000000000004E-01 4.2958963294243538E-14
9.0000000000000002E-01 4.1556480255893040E-14
1.0000000000000000E+00 4.0450211661863709E-14
1.1000000000000001E+00 3.9573987257752100E-14
1.2000000000000000E+00 3.8342808132907831E-14
1.3000000000000000E+00 3.7250554967555754E-14
1.4000000000000001E+00 3.6494232058055814E-14
1.5000000000000000E+00 3.5863871069594201E-14
1.6000000000000001E+00 3.5376621010012998E-14
1.7000000000000000E+00 3.4886421360747901E-14
1.8000000000000000E+00 3.4274824382055665E-14
1.9000000000000001E+00 3.3572915456642846E-14
2.0000000000000000E+00 3.2958567688302400E-14
2.1000000000000001E+00 3.2322087612388131E-14
2.2000000000000002E+00 3.1686076756438465E-14
2.3999999999999999E+00 3.0976230969672124E-14
2.6000000000000001E+00 3.0535764212678207E-14
2.8000000000000003E+00 3.0365254174229154E-14
3.0000000000000000E+00 3.0330137660821146E-14
3.2000000000000002E+00 3.0511323276727094E-14
3.3999999999999999E+00 3.0936900716178178E-14
3.6000000000000001E+00 3.1406869384012526E-14
3.8000000000000003E+00 3.2002479978390794E-14
4.0000000000000000E+00 3.2656537669255129E-14
4.5000000000000000E+00 3.4202371663444830E-14
5.0000000000000000E+00 3.5542607418259956E-14
5.5000000000000000E+00 3.6100554956297383E-14
6.0000000000000000E+00 3.6084067793488157E-14
7.0000000000000000E+00 3.4887473577741271E-14
8.0000000000000000E+00 3.2972576165246935E-14
9.0000000000000000E+00 3.1205585095456707E-14
1.0000000000000000E+01 3.0042790060811343E-14
1.1000000000000000E+01 2.9481069182406869E-14
1.2000000000000000E+01 2.9229196399196805E-14
1.3000000000000000E+01 2.9143302476021201E-14
1.4000000000000000E+01 2.9533602784627060E-14
1.5000000000000000E+01 3.0293549323993934E-14
1.6000000000000000E+01 3.1162833304220350E-14
1.7000000000000000E+01 3.2000449675969909E-14
1.8000000000000000E+01 3.2657855240920441E-14
1.9000000000000000E+01 3.3265132016283540E-14
2.0000000000000000E+01 3.3713421883883920E-14
2.1000000000000000E+01 3.3907517010562118E-14
2.2000000000000000E+01 3.3905369882525382E-14
2.4000000000000000E+01 3.3354446569030449E-14
2.6000000000000000E+01 3.2621534549634998E-14
2.8000000000000000E+01 3.1838784589942810E-14
3.0000000000000000E+01 3.1764979273162521E-14
3.2000000000000000E+01 3.2037926878894550E-14
3.4000000000000000E+01 3.2223208857053946E-14
3.6000000000000000E+01 3.2179832539988915E-14
3.8000000000000000E+01 3.1770422247906197E-14
4.0000000000000000E+01 3.1132448887769463E-14
4.5000000000000000E+01 2.9084239398495871E-14
5.0000000000000000E+01 2.7671549616228080E-14
