1.0000000000000000E-03 2.0117806961414138E-12
2.0000000000000000E-03 1.4350141270802368E-12
3.0000000000000001E-03 1.1936967460538349E-12
4.0000000000000001E-03 1.0376466269895277E-12
5.0000000000000001E-03 9.1767767060292501E-13
6.0000000000000001E-03 8.4573959921777841E-13
7.0000000000000001E-03 8.0589567309377890E-13
8.0000000000000002E-03 7.7288639210093779E-13
9.0000000000000011E-03 7.4518550145055946E-13
1.0000000000000000E-02 7.2049895648001994E-13
1.0999999999999999E-02 6.8808503690056367E-13
1.2000000000000000E-02 6.4936101366057292E-13
1.3000000000000001E-02 6.1423396982276729E-13
1.4000000000000000E-02 5.8235043926665552E-13
1.4999999999999999E-02 5.5494894185606000E-13
1.6000000000000000E-02 5.3323854168061385E-13
1.7000000000000001E-02 5.1563261521939250E-13
1.8000000000000002E-02 4.9999833080343055E-13
1.9000000000000000E-02 4.8368186063913794E-13
2.0000000000000000E-02 4.6893233262869322E-13
2.1000000000000001E-02 4.5647545715372066E-13
2.1999999999999999E-02 4.4561516402570673E-13
2.4000000000000000E-02 4.2725597926276819E-13
2.6000000000000002E-02 4.1098268820705118E-13
2.8000000000000001E-02 3.9882895985336736E-13
2.9999999999999999E-02 3.9049249003959146E-13
3.2000000000000001E-02 3.8231919391308612E-13
3.4000000000000002E-02 3.6833549802490555E-13
3.6000000000000004E-02 3.5462336679700576E-13
3.7999999999999999E-02 3.4407170964108780E-13
4.0000000000000001E-02 3.3520725081132173E-13
4.4999999999999998E-02 3.1390714266196971E-13
5.0000000000000003E-02 2.9850252178226735E-13
5.5000000000000000E-02 2.8574400264557269E-13
5.9999999999999998E-02 2.6874176054220044E-13
7.0000000000000007E-02 2.4728893365952557E-13
8.0000000000000002E-02 2.3105745130358774E-13
8.9999999999999997E-02 2.2027964057549090E-13
1.0000000000000001E-01 2.1027301619726125E-13
1.1000000000000000E-01 2.0067603898562809E-13
1.2000000000000000E-01 1.9370782687963970E-13
1.3000000000000000E-01 1.8601729135416236E-13
1.4000000000000001E-01 1.7967615021071777E-13
1.4999999999999999E-01 1.7250574461273028E-13
1.6000000000000000E-01 1.6814898102686807E-13
1.7000000000000001E-01 1.6211861587381461E-13
1.7999999999999999E-01 1.5830838219074870E-13
1.9000000000000000E-01 1.5362257962280261E-13
2.0000000000000001E-01 1.5079320059352442E-13
2.0999999999999999E-01 1.4749855733003282E-13
2.2000000000000000E-01 1.4431906124113435E-13
2.3999999999999999E-01 1.3894836993750902E-13
2.6000000000000001E-01 1.3386298327768398E-13
2.8000000000000003E-01 1.2946648819142285E-13
2.9999999999999999E-01 1.2544208654278887E-13
3.2000000000000001E-01 1.2165564620654776E-13
3.4000000000000002E-01 1.1824326273621997E-13
3.5999999999999999E-01 1.1538852476988948E-13
3.8000000000000000E-01 1.1287647164150465E-13
4.0000000000000002E-01 1.1004182129567853E-13
4.5000000000000001E-01 1.0430240948229052E-13
5.0000000000000000E-01 1.0004804420651386E-13
5.5000000000000004E-01 9.5972003161035016E-14
5.9999999999999998E-01 9.1897323875566678E-14
7.0000000000000007E-01 8.4448979631575013E-14
8.0000000000000004E-01 7.7835050280818106E-14
9.0000000000000002E-01 7.2359302587315255E-14
1.0000000000000000E+00 6.7599785152274506E-14
1.1000000000000001E+00 6.4418343744042505E-14
1.2000000000000000E+00 6.2208945837087331E-14
1.3000000000000000E+00 6.0394410331157746E-14
1.4000000000000001E+00 5.8770734579821984E-14
1.5000000000000000E+00 5.7518448032098667E-14
1.6000000000000001E+00 5.6586675599926024E-14
1.7000000000000000E+00 5.5838720386981626E-14
1.8000000000000000E+00 5.5227877105593184E-14
1.9000000000000001E+00 5.4730480631140372E-14
2.0000000000000000E+00 5.4469401359985530E-14
2.1000000000000001E+00 5.4026571355659552E-14
2.2000000000000002E+00 5.3381890472065444E-14
2.3999999999999999E+00 5.2161955666816251E-14
2.6000000000000001E+00 5.0819431651391422E-14
2.8000000000000003E+00 4.9692966792054842E-14
3.0000000000000000E+00 4.8656084446446378E-14
3.2000000000000002E+00 4.7696042380989784E-14
3.3999999999999999E+00 4.6960377665094603E-14
3.6000000000000001E+00 4.6149541343220239E-14
3.8000000000000003E+00 4.5519603823705807E-14
4.0000000000000000E+00 4.4852365623223544E-14
4.5000000000000000E+00 4.3232386325718732E-14
5.0000000000000000E+00 4.1543124170163764E-14
5.5000000000000000E+00 3.9614926018466392E-14
6.0000000000000000E+00 3.7784221279945437E-14
7.0000000000000000E+00 3.4619691363564251E-14
8.0000000000000000E+00 3.1074420363544686E-14
9.0000000000000000E+00 2.8719481589702508E-14
1.0000000000000000E+01 2.7785291387694782E-14
1.1000000000000000E+01 2.7620886225624605E-14
1.2000000000000000E+01 2.7789228736605359E-14
1.3000000000000000E+01 2.7603015364934619E-14
1.4000000000000000E+01 2.7848476848035144E-14
1.5000000000000000E+01 2.8276025578599071E-14
1.6000000000000000E+01 2.8672197381696068E-14
1.7000000000000000E+01 2.9117889124670134E-14
1.8000000000000000E+01 2.9569618868712770E-14
1.9000000000000000E+01 3.0042185896969308E-14
2.0000000000000000E+01 3.0451223252078583E-14
2.1000000000000000E+01 3.0765895947407418E-14
2.2000000000000000E+01 3.0887274632135650E-14
2.4000000000000000E+01 3.1029286577948299E-14
2.6000000000000000E+01 3.1064842801953164E-14
2.8000000000000000E+01 3.1120393719878632E-14
3.0000000000000000E+01 3.1706742978519157E-14
3.2000000000000000E+01 3.2575904488952048E-14
3.4000000000000000E+01 3.3286635758597610E-14
3.6000000000000000E+01 3.3795616875663075E-14
3.8000000000000000E+01 3.4112444067041553E-14
4.0000000000000000E+01 3.4106941323153879E-14
4.5000000000000000E+01 3.2671423797813773E-14
5.0000000000000000E+01 2.9956691292940375E-14
