1.0000000000000000E-03 7.7057994871834090E-13
2.0000000000000000E-03 5.8983426837764701E-13
3.0000000000000001E-03 5.3782933753431796E-13
4.0000000000000001E-03 4.7723357435571478E-13
5.0000000000000001E-03 4.0328743157113608E-13
6.0000000000000001E-03 3.8892475586539791E-13
7.0000000000000001E-03 4.0582356412330663E-13
8.0000000000000002E-03 4.1615156452286644E-13
9.0000000000000011E-03 4.2266433167450422E-13
1.0000000000000000E-02 4.2530994201743810E-13
1.0999999999999999E-02 4.0810884510188369E-13
1.2000000000000000E-02 3.7513686523565982E-13
1.3000000000000001E-02 3.4333601024406506E-13
1.4000000000000000E-02 3.1363371701647877E-13
1.4999999999999999E-02 2.8907998886523965E-13
1.6000000000000000E-02 2.7117521711587338E-13
1.7000000000000001E-02 2.5966330674813036E-13
1.8000000000000002E-02 2.4975082891111824E-13
1.9000000000000000E-02 2.3654438544373177E-13
2.0000000000000000E-02 2.2509231379149144E-13
2.1000000000000001E-02 2.1705278386589624E-13
2.1999999999999999E-02 2.1016524587829710E-13
2.4000000000000000E-02 2.0089640008174757E-13
2.6000000000000002E-02 1.9305955332539375E-13
2.8000000000000001E-02 1.9215141256378906E-13
2.9999999999999999E-02 1.9713463969577178E-13
3.2000000000000001E-02 2.0071175460696686E-13
3.4000000000000002E-02 1.9079351531405117E-13
3.6000000000000004E-02 1.7994435637347236E-13
3.7999999999999999E-02 1.7341867150378000E-13
4.0000000000000001E-02 1.6879595270969657E-13
4.4999999999999998E-02 1.5636108921075256E-13
5.0000000000000003E-02 1.5082625120481570E-13
5.5000000000000000E-02 1.4551942305822624E-13
5.9999999999999998E-02 1.2773665838846036E-13
7.0000000000000007E-02 1.1074690298774477E-13
8.0000000000000002E-02 9.9835016184321019E-14
8.9999999999999997E-02 9.6815155446048871E-14
1.0000000000000001E-01 9.2709717782828654E-14
1.1000000000000000E-01 8.8792398237188743E-14
1.2000000000000000E-01 8.8834292800577114E-14
1.3000000000000000E-01 8.6076235813360123E-14
1.4000000000000001E-01 8.4756062150315564E-14
1.4999999999999999E-01 8.0634625964908696E-14
1.6000000000000000E-01 8.1050595594698652E-14
1.7000000000000001E-01 7.6278047822713927E-14
1.7999999999999999E-01 7.5705024938760204E-14
1.9000000000000000E-01 7.2694490127829599E-14
2.0000000000000001E-01 7.2527688646937528E-14
2.0999999999999999E-01 7.0560384134954182E-14
2.2000000000000000E-01 6.8932126614979047E-14
2.3999999999999999E-01 6.7236350117740747E-14
2.6000000000000001E-01 6.4975817153041105E-14
2.8000000000000003E-01 6.3357999537736813E-14
2.9999999999999999E-01 6.1648236973411351E-14
3.2000000000000001E-01 6.0720164612040599E-14
3.4000000000000002E-01 5.9738854635363540E-14
3.5999999999999999E-01 5.8788625869922721E-14
3.8000000000000000E-01 5.8202292936729813E-14
4.0000000000000002E-01 5.7158113466274172E-14
4.5000000000000001E-01 5.5621600459009468E-14
5.0000000000000000E-01 5.4442406629577016E-14
5.5000000000000004E-01 5.2558402874871858E-14
5.9999999999999998E-01 5.1165041803132044E-14
7.0000000000000007E-01 4.8249262713653970E-14
8.0000000000000004E-01 4.6331732948621502E-14
9.0000000000000002E-01 4.4671009926044002E-14
1.0000000000000000E+00 4.3322965733136100E-14
1.1000000000000001E+00 4.2695376950923824E-14
1.2000000000000000E+00 4.1675363325804830E-14
1.3000000000000000E+00 4.0548019032628737E-14
1.4000000000000001E+00 3.9611054853994418E-14
1.5000000000000000E+00 3.8675353197613490E-14
1.6000000000000001E+00 3.7978231770619515E-14
1.7000000000000000E+00 3.7328888081329378E-14
1.8000000000000000E+00 3.6580060045632242E-14
1.9000000000000001E+00 3.5846208270661409E-14
2.0000000000000000E+00 3.5195679984434183E-14
2.1000000000000001E+00 3.4540371863793540E-14
2.2000000000000002E+00 3.3892225117902796E-14
2.3999999999999999E+00 3.2914981211695142E-14
2.6000000000000001E+00 3.2370605897005320E-14
2.8000000000000003E+00 3.2279492455655764E-14
3.0000000000000000E+00 3.2513885261080982E-14
3.2000000000000002E+00 3.3060231633207576E-14
3.3999999999999999E+00 3.3761269315982229E-14
3.6000000000000001E+00 3.4471124424663966E-14
3.8000000000000003E+00 3.5250974803808932E-14
4.0000000000000000E+00 3.6012825996446086E-14
4.5000000000000000E+00 3.7655378871059498E-14
5.0000000000000000E+00 3.9077826420789889E-14
5.5000000000000000E+00 3.9635650778573108E-14
6.0000000000000000E+00 3.9416768785463186E-14
7.0000000000000000E+00 3.7944640529996115E-14
8.0000000000000000E+00 3.5849896912953477E-14
9.0000000000000000E+00 3.3908630617036181E-14
1.0000000000000000E+01 3.2584383358935800E-14
1.1000000000000000E+01 3.2026338370407335E-14
1.2000000000000000E+01 3.2245652554302312E-14
1.3000000000000000E+01 3.2626307563335207E-14
1.4000000000000000E+01 3.2928148003280895E-14
1.5000000000000000E+01 3.2892131749029268E-14
1.6000000000000000E+01 3.2436388424567532E-14
1.7000000000000000E+01 3.1780290730748213E-14
1.8000000000000000E+01 3.0855207391126727E-14
1.9000000000000000E+01 3.0328512537625511E-14
2.0000000000000000E+01 3.0616439694704901E-14
2.1000000000000000E+01 3.1041616858771405E-14
2.2000000000000000E+01 3.1472684495097839E-14
2.4000000000000000E+01 3.1644821762823378E-14
2.6000000000000000E+01 3.2418430722904385E-14
2.8000000000000000E+01 3.3638032333118413E-14
3.0000000000000000E+01 3.4649926677980134E-14
