1.0000000000000000E-03 4.9304920672672841E-13
2.0000000000000000E-03 4.0418287209943347E-13
3.0000000000000001E-03 4.0399919572365838E-13
4.0000000000000001E-03 3.6317152941760938E-13
5.0000000000000001E-03 2.9015748742949054E-13
6.0000000000000001E-03 2.9006816148359354E-13
7.0000000000000001E-03 3.2690999420961926E-13
8.0000000000000002E-03 3.4913202570285791E-13
9.0000000000000011E-03 3.6417151670404234E-13
1.0000000000000000E-02 3.7372714102734090E-13
1.0999999999999999E-02 3.5953547687289520E-13
1.2000000000000000E-02 3.2697389779721419E-13
1.3000000000000001E-02 2.9537126144686338E-13
1.4000000000000000E-02 2.6505896074439517E-13
1.4999999999999999E-02 2.3981698485025101E-13
1.6000000000000000E-02 2.2219551833137410E-13
1.7000000000000001E-02 2.1165410168071143E-13
1.8000000000000002E-02 2.0258952452388132E-13
1.9000000000000000E-02 1.8913311662182635E-13
2.0000000000000000E-02 1.7737344689151410E-13
2.1000000000000001E-02 1.6968375256048332E-13
2.1999999999999999E-02 1.6353504160460817E-13
2.4000000000000000E-02 1.5650240936765940E-13
2.6000000000000002E-02 1.5070808246974377E-13
2.8000000000000001E-02 1.5319664657508594E-13
2.9999999999999999E-02 1.6210727528367092E-13
3.2000000000000001E-02 1.6866126528097179E-13
3.4000000000000002E-02 1.5903233871147893E-13
3.6000000000000004E-02 1.4820421172398526E-13
3.7999999999999999E-02 1.4250613404125489E-13
4.0000000000000001E-02 1.3887718427178223E-13
4.4999999999999998E-02 1.2775809079014144E-13
5.0000000000000003E-02 1.2426795069322538E-13
5.5000000000000000E-02 1.2079352191234803E-13
5.9999999999999998E-02 1.0190136769345104E-13
7.0000000000000007E-02 8.5503589638333502E-14
8.0000000000000002E-02 7.5496701625361481E-14
8.9999999999999997E-02 7.5039753088188908E-14
1.0000000000000001E-01 7.2256565961230591E-14
1.1000000000000000E-01 6.9375344215553196E-14
1.2000000000000000E-01 7.0926622372361958E-14
1.3000000000000000E-01 6.9167238610131078E-14
1.4000000000000001E-01 6.8633409898893753E-14
1.4999999999999999E-01 6.4759351077587124E-14
1.6000000000000000E-01 6.6421223496416861E-14
1.7000000000000001E-01 6.1669006895883020E-14
1.7999999999999999E-01 6.1841460755120498E-14
1.9000000000000000E-01 5.9056323827092666E-14
2.0000000000000001E-01 5.9631512204009540E-14
2.0999999999999999E-01 5.8059075743018308E-14
2.2000000000000000E-01 5.6772197043603904E-14
2.3999999999999999E-01 5.5896904726725041E-14
2.6000000000000001E-01 5.3824806686208516E-14
2.8000000000000003E-01 5.2485833836416146E-14
2.9999999999999999E-01 5.1028841995617794E-14
3.2000000000000001E-01 5.0186501075762622E-14
3.4000000000000002E-01 4.9327659071587721E-14
3.5999999999999999E-01 4.8497436644180921E-14
3.8000000000000000E-01 4.8028757884529306E-14
4.0000000000000002E-01 4.6990327015035854E-14
4.5000000000000001E-01 4.5516820981529411E-14
5.0000000000000000E-01 4.4513474293385919E-14
5.5000000000000004E-01 4.3045038817292223E-14
5.9999999999999998E-01 4.1872114998799379E-14
7.0000000000000007E-01 3.9152451785395934E-14
8.0000000000000004E-01 3.7531542848079834E-14
9.0000000000000002E-01 3.6315211360098930E-14
1.0000000000000000E+00 3.5431891090831364E-14
1.1000000000000001E+00 3.5001265399034568E-14
1.2000000000000000E+00 3.4188585414928315E-14
1.3000000000000000E+00 3.3442721782217784E-14
1.4000000000000001E+00 3.2939368183458694E-14
1.5000000000000000E+00 3.2472714632547905E-14
1.6000000000000001E+00 3.2164045700369944E-14
1.7000000000000000E+00 3.1855959686054865E-14
1.8000000000000000E+00 3.1376501794995498E-14
1.9000000000000001E+00 3.0809680106052880E-14
2.0000000000000000E+00 3.0343818292506538E-14
2.1000000000000001E+00 2.9844708304352666E-14
2.2000000000000002E+00 2.9303224628477360E-14
2.3999999999999999E+00 2.8567015277768350E-14
2.6000000000000001E+00 2.8077694095521233E-14
2.8000000000000003E+00 2.7865333351528684E-14
3.0000000000000000E+00 2.7818654978525560E-14
3.2000000000000002E+00 2.7982785277951604E-14
3.3999999999999999E+00 2.8378385415623231E-14
3.6000000000000001E+00 2.8842691538959503E-14
3.8000000000000003E+00 2.9414831812507319E-14
4.0000000000000000E+00 3.0033758512926819E-14
4.5000000000000000E+00 3.1469012641483391E-14
5.0000000000000000E+00 3.2871895579493437E-14
5.5000000000000000E+00 3.3631420747548488E-14
6.0000000000000000E+00 3.3834502350830069E-14
7.0000000000000000E+00 3.3054650151536397E-14
8.0000000000000000E+00 3.1381482250843915E-14
9.0000000000000000E+00 2.9771385421237422E-14
1.0000000000000000E+01 2.8781133977510215E-14
1.1000000000000000E+01 2.8435252932280033E-14
1.2000000000000000E+01 2.8446863970645202E-14
1.3000000000000000E+01 2.8516211243676201E-14
1.4000000000000000E+01 2.8996287194878073E-14
1.5000000000000000E+01 2.9802275270864628E-14
1.6000000000000000E+01 3.0768966326107993E-14
1.7000000000000000E+01 3.1793864810429108E-14
1.8000000000000000E+01 3.2719617197693236E-14
1.9000000000000000E+01 3.3594423057120185E-14
2.0000000000000000E+01 3.4282447256612901E-14
2.1000000000000000E+01 3.4684690089830707E-14
2.2000000000000000E+01 3.4833150783260721E-14
2.4000000000000000E+01 3.4544683532232184E-14
2.6000000000000000E+01 3.3867254204103611E-14
2.8000000000000000E+01 3.3033291708307270E-14
3.0000000000000000E+01 3.2824111331185464E-14
3.2000000000000000E+01 3.3005185349748221E-14
3.4000000000000000E+01 3.3131139617358761E-14
3.6000000000000000E+01 3.2995343406249303E-14
3.8000000000000000E+01 3.2483355826737537E-14
4.0000000000000000E+01 3.1736304006946168E-14
4.5000000000000000E+01 2.9352964810425414E-14
5.0000000000000000E+01 2.7593566973550043E-14
