1.0000000000000000E+00 7.9363675897374797E-14
2.0000000000000000E+00 7.2180191119140639E-14
3.0000000000000000E+00 8.5918232006427693E-14
4.0000000000000000E+00 1.0684849052086124E-13
5.0000000000000000E+00 1.2819438620411516E-13
6.0000000000000000E+00 1.4857754624296674E-13
7.0000000000000000E+00 1.6810745215199119E-13
8.0000000000000000E+00 1.8671929109074934E-13
9.0000000000000000E+00 2.0467838517432867E-13
1.0000000000000000E+01 2.2231500057913290E-13
1.1000000000000000E+01 2.3977556125656713E-13
1.2000000000000000E+01 2.5716075080260255E-13
1.3000000000000000E+01 2.7449082533082266E-13
1.4000000000000000E+01 2.9175542407095778E-13
1.5000000000000000E+01 3.0893836001174026E-13
1.6000000000000000E+01 3.2601377597322232E-13
1.7000000000000000E+01 3.4295509064676320E-13
1.8000000000000000E+01 3.5974545692850647E-13
1.9000000000000000E+01 3.7635226852869122E-13
2.0000000000000000E+01 3.9272362468762435E-13
2.1000000000000000E+01 4.0881555340646247E-13
2.2000000000000000E+01 4.2458607107724798E-13
2.4000000000000000E+01 4.5502976003483375E-13
2.6000000000000000E+01 4.8385559333173631E-13
2.8000000000000000E+01 5.1101320618351222E-13
3.0000000000000000E+01 5.3659158484801003E-13
3.2000000000000000E+01 5.6073367688247009E-13
3.4000000000000000E+01 5.8365607916063721E-13
3.6000000000000000E+01 6.0562909239978547E-13
3.8000000000000000E+01 6.2691517070830593E-13
4.0000000000000000E+01 6.4772935505012801E-13
4.5000000000000000E+01 6.9852727875634782E-13
5.0000000000000000E+01 7.4834580612075670E-13
5.5000000000000000E+01 7.9761578927023919E-13
6.0000000000000000E+01 8.4584599099750884E-13
7.0000000000000000E+01 9.3699894694155537E-13
8.0000000000000000E+01 1.0213584166948454E-12
9.0000000000000000E+01 1.1022164828038880E-12
1.0000000000000000E+02 1.1858102815425297E-12
1.1000000000000000E+02 1.2751688444597400E-12
1.2000000000000000E+02 1.3695871425668668E-12
1.3000000000000000E+02 1.4668678064384527E-12
1.4000000000000000E+02 1.5647623070025120E-12
1.5000000000000000E+02 1.6603458961037931E-12
1.6000000000000000E+02 1.7520033134908775E-12
1.7000000000000000E+02 1.8384443437292824E-12
1.8000000000000000E+02 1.9193951204662793E-12
1.9000000000000000E+02 1.9954009206039865E-12
2.0000000000000000E+02 2.0668210704670725E-12
2.1000000000000000E+02 2.1340994724482739E-12
2.2000000000000000E+02 2.1984687682936402E-12
2.4000000000000000E+02 2.3230269311982036E-12
2.6000000000000000E+02 2.4464272860635877E-12
2.8000000000000000E+02 2.5711680227113883E-12
3.0000000000000000E+02 2.6995792233392338E-12
3.2000000000000000E+02 2.8357815595990594E-12
3.4000000000000000E+02 2.9863363351724243E-12
3.6000000000000000E+02 3.1554004004208094E-12
3.8000000000000000E+02 3.3444784990943352E-12
4.0000000000000000E+02 3.5546569942876256E-12
4.5000000000000000E+02 4.1679115394314977E-12
5.0000000000000000E+02 4.8813287596742964E-12
5.5000000000000000E+02 5.6764834781540526E-12
6.0000000000000000E+02 6.5486838627423649E-12
7.0000000000000000E+02 8.5460590580505178E-12
8.0000000000000000E+02 1.0909331830786270E-11
9.0000000000000000E+02 1.3624273305582448E-11
1.0000000000000000E+03 1.6671779973833737E-11
1.1000000000000000E+03 2.0018628472650768E-11
1.2000000000000000E+03 2.3610550049703245E-11
1.3000000000000000E+03 2.7358669310190940E-11
1.4000000000000000E+03 3.1169567015839639E-11
1.5000000000000000E+03 3.4901708167819373E-11
1.6000000000000000E+03 3.8444628487702698E-11
1.7000000000000000E+03 4.1686823558980930E-11
1.8000000000000000E+03 4.4471153216023519E-11
1.9000000000000000E+03 4.6701161661051005E-11
2.0000000000000000E+03 4.8297120802066229E-11
