1.0000000000000000E+00 7.9677254260449266E-14
2.0000000000000000E+00 7.1690872844222712E-14
3.0000000000000000E+00 8.4641304697397568E-14
4.0000000000000000E+00 1.0278866055117411E-13
5.0000000000000000E+00 1.2107179919946808E-13
6.0000000000000000E+00 1.3837581580990387E-13
7.0000000000000000E+00 1.5467440921892202E-13
8.0000000000000000E+00 1.6995649224798754E-13
9.0000000000000000E+00 1.8427917903434375E-13
1.0000000000000000E+01 1.9773928553388919E-13
1.1000000000000000E+01 2.1053321404704860E-13
1.2000000000000000E+01 2.2288340666539298E-13
1.3000000000000000E+01 2.3501497870446937E-13
1.4000000000000000E+01 2.4711950969568423E-13
1.5000000000000000E+01 2.5932883755594718E-13
1.6000000000000000E+01 2.7170081485395333E-13
1.7000000000000000E+01 2.8426779409748043E-13
1.8000000000000000E+01 2.9700843052777688E-13
1.9000000000000000E+01 3.0987447024109087E-13
2.0000000000000000E+01 3.2281735774450142E-13
2.1000000000000000E+01 3.3579546218096213E-13
2.2000000000000000E+01 3.4878456631879175E-13
2.4000000000000000E+01 3.7472269762784228E-13
2.6000000000000000E+01 4.0053452359275535E-13
2.8000000000000000E+01 4.2631905553564963E-13
3.0000000000000000E+01 4.5233843998281474E-13
3.2000000000000000E+01 4.7890378152253528E-13
3.4000000000000000E+01 5.0624381740605350E-13
3.6000000000000000E+01 5.3457080392049054E-13
3.8000000000000000E+01 5.6409124994797717E-13
4.0000000000000000E+01 5.9494956248404643E-13
4.5000000000000000E+01 6.7847927306080262E-13
5.0000000000000000E+01 7.7158969510859495E-13
5.5000000000000000E+01 8.7478963881887814E-13
6.0000000000000000E+01 9.8818249746689848E-13
7.0000000000000000E+01 1.2439826647505226E-12
8.0000000000000000E+01 1.5358889060828667E-12
9.0000000000000000E+01 1.8630655559893607E-12
1.0000000000000000E+02 2.2254757066106347E-12
1.1000000000000000E+02 2.6230949148230656E-12
1.2000000000000000E+02 3.0554408693318206E-12
1.3000000000000000E+02 3.5222317327836656E-12
1.4000000000000000E+02 4.0232545983470210E-12
1.5000000000000000E+02 4.5582193882721981E-12
1.6000000000000000E+02 5.1265044440552195E-12
1.7000000000000000E+02 5.7275677452457761E-12
1.8000000000000000E+02 6.3606296418515855E-12
1.9000000000000000E+02 7.0248409496806500E-12
2.0000000000000000E+02 7.7195116011695746E-12
2.1000000000000000E+02 8.4439494471930554E-12
2.2000000000000000E+02 9.1974567856554361E-12
2.4000000000000000E+02 1.0790672004876518E-11
2.6000000000000000E+02 1.2496907583732306E-11
2.8000000000000000E+02 1.4310859103410635E-11
3.0000000000000000E+02 1.6224716118071455E-11
3.2000000000000000E+02 1.8227388984445107E-11
3.4000000000000000E+02 2.0305165147374821E-11
3.6000000000000000E+02 2.2443590975031270E-11
3.8000000000000000E+02 2.4629391244225429E-11
4.0000000000000000E+02 2.6850718382067905E-11
4.5000000000000000E+02 3.2488082878765677E-11
5.0000000000000000E+02 3.8119673526614700E-11
5.5000000000000000E+02 4.3640359674833174E-11
6.0000000000000000E+02 4.9018134961340452E-11
7.0000000000000000E+02 5.9452718442956993E-11
8.0000000000000000E+02 6.9737675647972015E-11
9.0000000000000000E+02 7.9661531891944794E-11
1.0000000000000000E+03 8.8383338570034598E-11
1.1000000000000000E+03 9.4720087701194325E-11
1.2000000000000000E+03 9.7477383216868498E-11
1.3000000000000000E+03 9.5881747631679037E-11
1.4000000000000000E+03 9.0152388252542366E-11
1.5000000000000000E+03 8.1366131098393026E-11
1.6000000000000000E+03 7.1049673522180860E-11
1.7000000000000000E+03 6.0728746114081331E-11
1.8000000000000000E+03 5.1556571922991488E-11
1.9000000000000000E+03 4.4059657017286068E-11
2.0000000000000000E+03 3.8106020248495539E-11
