1.0000000000000000E+00 8.0148668407977155E-14
2.0000000000000000E+00 7.3212720030626850E-14
3.0000000000000000E+00 8.9960167011964903E-14
4.0000000000000000E+00 1.1254211757483587E-13
5.0000000000000000E+00 1.3551120103009740E-13
6.0000000000000000E+00 1.5723444920234969E-13
7.0000000000000000E+00 1.7781247680564313E-13
8.0000000000000000E+00 1.9760688799136788E-13
9.0000000000000000E+00 2.1684125186545399E-13
1.0000000000000000E+01 2.3569762288664591E-13
1.1000000000000000E+01 2.5434309661731706E-13
1.2000000000000000E+01 2.7270918149098566E-13
1.3000000000000000E+01 2.9064533587178762E-13
1.4000000000000000E+01 3.0799071701355366E-13
1.5000000000000000E+01 3.2462462946663902E-13
1.6000000000000000E+01 3.4047168682985544E-13
1.7000000000000000E+01 3.5553645373264422E-13
1.8000000000000000E+01 3.6988956807393662E-13
1.9000000000000000E+01 3.8361623343849112E-13
2.0000000000000000E+01 3.9680655274801232E-13
2.1000000000000000E+01 4.0954015428843890E-13
2.2000000000000000E+01 4.2190470899411008E-13
2.4000000000000000E+01 4.4586080150967564E-13
2.6000000000000000E+01 4.6919531878103319E-13
2.8000000000000000E+01 4.9221586044015683E-13
3.0000000000000000E+01 5.1506637997538321E-13
3.2000000000000000E+01 5.3771542334949048E-13
3.4000000000000000E+01 5.6013425263266273E-13
3.6000000000000000E+01 5.8230360596654636E-13
3.8000000000000000E+01 6.0425417724587701E-13
4.0000000000000000E+01 6.2603961434696709E-13
4.5000000000000000E+01 6.8000622074952807E-13
5.0000000000000000E+01 7.3392716028250676E-13
5.5000000000000000E+01 7.8781693711335760E-13
6.0000000000000000E+01 8.4137120766052769E-13
7.0000000000000000E+01 9.4551243137522726E-13
8.0000000000000000E+01 1.0433415033628217E-12
9.0000000000000000E+01 1.1352467552902899E-12
1.0000000000000000E+02 1.2235853546284154E-12
1.1000000000000000E+02 1.3107938551630095E-12
1.2000000000000000E+02 1.3979718561625604E-12
1.3000000000000000E+02 1.4852567451761632E-12
1.4000000000000000E+02 1.5721526044707474E-12
1.5000000000000000E+02 1.6580363371799592E-12
1.6000000000000000E+02 1.7422645164036494E-12
1.7000000000000000E+02 1.8243543852056228E-12
1.8000000000000000E+02 1.9042585346234566E-12
1.9000000000000000E+02 1.9816702464579776E-12
2.0000000000000000E+02 2.0567672588657395E-12
2.1000000000000000E+02 2.1309986398067322E-12
2.2000000000000000E+02 2.2062009378468821E-12
2.4000000000000000E+02 2.3623106559446302E-12
2.6000000000000000E+02 2.5223101284272949E-12
2.8000000000000000E+02 2.6783769000357339E-12
3.0000000000000000E+02 2.8253751705363192E-12
3.2000000000000000E+02 2.9594481595623452E-12
3.4000000000000000E+02 3.0802304355430930E-12
3.6000000000000000E+02 3.1884714335151677E-12
3.8000000000000000E+02 3.2843048877406902E-12
4.0000000000000000E+02 3.3676717262158506E-12
4.5000000000000000E+02 3.5180022468516313E-12
5.0000000000000000E+02 3.5911193502660732E-12
5.5000000000000000E+02 3.5950416236116893E-12
6.0000000000000000E+02 3.5362510598872723E-12
7.0000000000000000E+02 3.2712740839107866E-12
8.0000000000000000E+02 3.0617046671267520E-12
9.0000000000000000E+02 3.2088394358919762E-12
1.0000000000000000E+03 3.6042931122088631E-12
1.1000000000000000E+03 4.1056014883610290E-12
1.2000000000000000E+03 4.6385007598946498E-12
1.3000000000000000E+03 5.1663755195547394E-12
1.4000000000000000E+03 5.6970404628104448E-12
1.5000000000000000E+03 6.2062426297952827E-12
1.6000000000000000E+03 6.6569869196220046E-12
1.7000000000000000E+03 7.0040426095364821E-12
1.8000000000000000E+03 7.2517329089922864E-12
1.9000000000000000E+03 7.4868912717600944E-12
2.0000000000000000E+03 7.7379899885966531E-12
